//AC Haier

//On
uint16_t  On[149] = {3150,3000, 3150,4250, 700,1650, 650,550, 600,1700, 700,650, 650,500, 650,1650, 700,550, 650,1750, 650,550, 700,500, 650,550, 600,650, 600,550, 650,500, 650,500, 650,1750, 700,500, 650,500, 700,1600, 650,700, 650,1650, 650,1700, 700,1650, 700,1750, 700,500, 650,500, 650,500, 700,1750, 700,500, 650,500, 650,500, 600,1800, 700,500, 650,500, 650,500, 650,650, 700,1650, 650,1650, 700,500, 650,650, 650,500, 600,550, 650,500, 650,650, 650,500, 650,550, 650,500, 650,650, 650,500, 600,550, 600,1700, 650,650, 600,550, 600,550, 700,500, 650,650, 600,550, 600,600, 650,500, 650,650, 650,500, 600,600, 600,550, 700,650, 650,550, 600,550, 600,600, 650,1800, 600,600, 600,600, 600,1700, 600,600, 650};  // UNKNOWN FE4A31D7

//Off
uint16_t  Off[149] = {3100,3050, 3150,4300, 600,1700, 600,600, 550,1700, 600,750, 600,600, 600,1700, 600,600, 600,1850, 600,600, 600,600, 550,600, 550,750, 550,600, 550,600, 600,600, 600,750, 550,600, 550,600, 600,1700, 600,750, 600,1700, 600,1700, 600,1700, 600,1850, 600,600, 600,600, 600,600, 600,1850, 600,600, 600,600, 600,1750, 600,750, 550,600, 550,600, 600,600, 550,750, 600,1700, 600,1700, 600,600, 600,750, 600,600, 600,600, 550,600, 600,750, 600,600, 600,600, 550,600, 550,750, 600,600, 600,600, 550,1700, 600,750, 600,600, 600,600, 600,600, 550,750, 600,600, 600,600, 600,600, 550,750, 600,600, 600,600, 600,600, 600,750, 550,600, 600,600, 550,600, 600,1900, 600,600, 600,600, 550,1700, 600,600, 600};  // UNKNOWN 8C3A3B86

//Temperature T16
uint16_t  T16[149] = {3100,3050, 3100,4350, 600,1700, 650,600, 550,1700, 600,750, 600,600, 600,1750, 600,600, 600,1850, 600,600, 600,600, 550,600, 600,750, 550,600, 600,600, 600,600, 600,1850, 600,600, 550,600, 600,1700, 600,750, 600,1700, 600,1700, 600,1700, 600,1850, 600,600, 550,600, 600,600, 600,1850, 600,600, 600,600, 600,1700, 600,750, 650,550, 600,600, 600,600, 600,750, 600,1700, 600,1750, 550,600, 600,750, 600,600, 600,600, 550,600, 600,750, 650,600, 600,600, 600,600, 550,750, 600,600, 600,600, 550,1700, 600,750, 600,600, 600,600, 600,600, 600,750, 600,600, 600,600, 550,600, 650,700, 600,600, 550,600, 550,600, 600,750, 600,600, 600,600, 550,600, 600,1900, 600,600, 600,600, 600,1700, 600,1700, 600};  // UNKNOWN 758022D4

//T17
uint16_t  T17[149] = {3100,3050, 3100,4350, 600,1700, 650,550, 600,1750, 600,750, 650,550, 600,1750, 600,600, 650,1800, 600,600, 600,600, 600,600, 600,1850, 600,600, 550,1750, 600,1750, 600,750, 550,600, 600,600, 600,1700, 600,750, 600,1700, 600,1700, 600,1750, 650,1800, 650,550, 600,600, 600,600, 600,1850, 650,550, 600,600, 550,1700, 700,650, 600,600, 600,600, 600,600, 600,700, 650,1650, 650,1700, 650,550, 550,750, 600,600, 600,600, 650,500, 600,750, 600,550, 650,550, 600,600, 600,700, 600,600, 550,600, 600,1700, 650,700, 650,550, 550,600, 650,550, 600,750, 550,600, 600,600, 600,600, 550,750, 550,600, 550,600, 550,600, 600,750, 600,600, 600,550, 600,1750, 600,800, 600,1700, 600,600, 550,600, 550,600, 600};  // UNKNOWN 58544E37

//T18
uint16_t  T18[149] = {3100,3050, 3100,4350, 600,1700, 650,550, 600,1750, 600,750, 650,550, 600,1700, 600,600, 550,1850, 600,600, 600,600, 600,1700, 600,750, 600,600, 600,1700, 600,1700, 600,750, 600,600, 650,550, 600,1700, 600,750, 650,1650, 600,1700, 650,1650, 600,1850, 600,600, 650,550, 600,600, 600,1850, 650,550, 600,600, 550,1700, 600,1850, 600,600, 600,600, 600,600, 600,700, 600,1700, 600,1700, 600,600, 600,750, 600,600, 550,600, 600,600, 600,750, 550,600, 600,600, 650,550, 550,750, 650,550, 600,600, 650,1650, 600,750, 600,600, 600,600, 600,600, 600,750, 600,600, 550,600, 600,600, 600,750, 650,550, 600,550, 650,550, 600,750, 600,600, 600,600, 600,1700, 600,1850, 600,1700, 600,600, 600,550, 600,1700, 600};  // UNKNOWN 9F0EBC72

//T19
uint16_t  T19[149] = {3150,3000, 3100,4350, 600,1700, 650,550, 600,1700, 600,750, 600,600, 650,1650, 600,600, 600,1850, 650,550, 600,600, 550,1700, 650,1800, 600,600, 550,1700, 650,1700, 600,750, 600,550, 650,550, 600,1700, 600,750, 600,1750, 600,1700, 650,1700, 600,1850, 650,550, 600,550, 650,600, 600,1850, 650,550, 600,600, 550,1700, 650,1800, 600,600, 550,600, 550,600, 600,700, 600,1700, 600,1700, 600,600, 600,750, 600,600, 650,600, 600,550, 600,750, 550,600, 650,550, 650,550, 550,750, 550,600, 600,600, 650,1700, 600,750, 650,600, 600,600, 650,550, 600,750, 600,600, 550,600, 600,600, 600,750, 600,600, 550,600, 600,600, 600,750, 600,600, 600,1700, 600,600, 600,800, 550,1700, 600,600, 600,600, 600,1700, 600};  // UNKNOWN 5A1FE020

//T20
uint16_t  T20[149] = {3100,3100, 3050,4350, 600,1700, 600,600, 650,1700, 600,750, 600,600, 550,1700, 600,600, 550,1850, 600,600, 600,1700, 600,600, 650,700, 600,600, 550,1750, 600,1750, 600,750, 600,600, 550,600, 600,1700, 600,750, 600,1700, 600,1700, 600,1700, 600,1850, 600,600, 550,600, 550,600, 600,1850, 600,600, 600,600, 550,1700, 600,1850, 600,600, 550,600, 600,600, 550,750, 600,1700, 600,1750, 600,600, 600,750, 600,600, 600,600, 550,600, 600,750, 550,600, 650,550, 550,600, 550,750, 600,600, 550,600, 550,1750, 600,750, 600,600, 550,600, 600,600, 550,750, 600,600, 600,600, 600,600, 550,750, 600,600, 600,600, 600,600, 600,750, 550,600, 600,1650, 600,600, 550,1900, 600,1700, 600,600, 550,600, 600,1700, 600};  // UNKNOWN 346F9D03

//T21
uint16_t  T21[149] = {3100,3050, 3100,4350, 600,1700, 600,600, 600,1700, 650,700, 600,600, 550,1700, 600,600, 600,1850, 600,600, 600,1700, 600,600, 550,1850, 600,600, 600,1700, 600,1700, 600,750, 550,600, 550,600, 600,1700, 600,750, 600,1750, 600,1700, 600,1700, 600,1850, 600,600, 600,600, 600,600, 600,1850, 600,600, 600,1700, 600,600, 550,750, 600,600, 600,600, 550,600, 550,750, 600,1700, 600,1700, 600,600, 600,750, 600,600, 600,600, 600,600, 600,750, 600,600, 600,600, 550,600, 600,750, 600,600, 600,600, 550,1700, 600,750, 600,600, 600,600, 600,600, 600,750, 550,600, 600,600, 600,600, 600,700, 600,600, 650,550, 600,600, 600,750, 600,600, 550,1700, 600,1700, 600,750, 600,1700, 650,550, 600,1700, 600,600, 600};  // UNKNOWN 8DBB9EE6

//T22
uint16_t  T22[149] = {3100,3050, 3100,4350, 600,1700, 600,600, 550,1700, 600,750, 600,600, 600,1750, 600,600, 650,1800, 600,600, 600,1700, 600,1700, 600,750, 600,600, 600,1700, 600,1700, 650,700, 600,600, 600,600, 600,1700, 650,700, 600,1700, 600,1700, 600,1700, 600,1850, 600,600, 550,600, 600,600, 600,1850, 600,600, 600,1700, 600,600, 600,750, 600,600, 600,600, 550,600, 600,750, 600,1700, 600,1700, 600,600, 550,750, 600,600, 650,550, 600,600, 550,750, 600,600, 600,600, 600,600, 600,750, 550,600, 650,550, 600,1700, 600,750, 600,600, 600,600, 600,600, 600,750, 550,600, 600,600, 550,600, 600,750, 600,600, 550,600, 600,600, 600,750, 600,600, 550,1700, 600,1700, 600,1900, 600,1700, 600,600, 600,1700, 600,600, 600};  // UNKNOWN CD8DAAF6

//T23
uint16_t  T23[149] = {3100,3100, 3050,4350, 600,1700, 600,600, 550,1700, 650,700, 550,600, 550,1700, 650,550, 600,1850, 650,550, 600,1700, 600,1700, 600,1850, 600,600, 600,1700, 650,1700, 600,750, 600,600, 600,600, 600,1750, 550,750, 650,1700, 600,1700, 650,1700, 600,1850, 600,600, 600,600, 600,600, 600,1850, 600,600, 600,1750, 600,600, 600,700, 600,600, 600,600, 550,600, 600,750, 600,1700, 600,1700, 650,550, 600,750, 600,600, 600,600, 600,600, 600,750, 600,600, 600,600, 600,600, 600,750, 600,600, 550,600, 600,1700, 600,750, 600,600, 550,600, 650,550, 600,750, 600,600, 600,600, 650,550, 600,750, 600,600, 600,600, 600,600, 600,750, 600,1700, 600,600, 600,600, 600,750, 600,1700, 650,550, 650,1700, 600,600, 600};  // UNKNOWN 3169549

//T24
uint16_t  T24[149] = {3150,3000, 3100,4350, 650,1700, 700,500, 650,1650, 650,700, 650,500, 650,1650, 700,500, 600,1850, 700,1650, 650,550, 650,500, 650,650, 600,550, 650,1650, 700,1650, 650,700, 600,550, 650,500, 700,1650, 650,700, 650,1650, 650,1700, 650,1700, 700,1750, 650,550, 650,500, 650,500, 600,1850, 700,500, 650,1650, 600,600, 600,700, 650,500, 650,500, 600,600, 600,700, 700,1650, 650,1700, 650,550, 650,650, 600,600, 600,550, 600,600, 650,650, 600,600, 650,550, 600,550, 650,650, 650,550, 550,600, 600,1700, 700,650, 600,550, 600,600, 600,600, 650,650, 600,550, 600,550, 600,550, 650,650, 650,550, 600,550, 600,600, 700,650, 600,1700, 650,550, 600,600, 650,1800, 600,1700, 700,500, 650,1650, 650,550, 650};  // UNKNOWN 5F0C0EDC

//T25
uint16_t  T25[149] = {3100,3050, 3150,4250, 650,1700, 700,500, 600,1700, 650,700, 600,550, 650,1650, 650,550, 650,1800, 650,1700, 650,550, 650,500, 650,1750, 650,600, 600,1700, 650,1700, 650,750, 650,550, 600,600, 600,1700, 650,650, 600,550, 600,550, 650,550, 600,700, 650,500, 600,550, 600,550, 650,700, 650,500, 600,550, 600,550, 600,700, 650,500, 600,550, 600,550, 600,700, 650,1700, 650,1700, 650,550, 650,650, 600,550, 600,1700, 650,550, 600,700, 600,550, 650,550, 600,550, 650,650, 600,550, 600,550, 600,1700, 650,700, 600,550, 600,550, 700,500, 600,700, 600,550, 600,550, 600,550, 600,700, 600,550, 600,550, 600,550, 650,700, 600,1700, 600,1700, 650,550, 600,700, 600,550, 600,1700, 600,1700, 600,1700, 650};  // UNKNOWN F4F08620

//T26
uint16_t  T26[149] = {3100,3050, 3150,4250, 650,1700, 650,500, 650,1650, 650,700, 650,500, 650,1650, 650,550, 600,1800, 650,1700, 650,550, 650,1650, 650,700, 650,550, 650,1650, 650,1700, 650,700, 650,550, 600,550, 700,1650, 700,650, 650,600, 600,550, 600,600, 650,650, 650,550, 600,550, 600,550, 650,700, 650,500, 600,600, 600,550, 600,700, 650,500, 600,600, 600,550, 600,700, 700,1650, 650,1700, 650,600, 650,700, 600,550, 600,1700, 650,500, 600,750, 600,550, 650,550, 650,550, 600,650, 600,600, 600,600, 600,1700, 650,700, 600,550, 600,600, 650,500, 600,700, 600,600, 600,550, 650,550, 600,650, 600,550, 600,600, 600,600, 650,650, 600,1700, 650,1700, 650,550, 600,1850, 650,550, 600,1700, 650,1700, 650,1650, 650};  // UNKNOWN 837E3D6A

//T27
uint16_t  T27[149] = {3150,3000, 3100,4350, 600,1700, 600,600, 550,1700, 600,750, 600,600, 600,1700, 600,600, 600,1850, 650,1650, 600,600, 550,1700, 650,1800, 600,600, 600,1700, 650,1650, 600,750, 650,550, 650,550, 600,1700, 600,750, 650,550, 600,600, 600,600, 600,750, 650,550, 600,600, 650,550, 600,700, 650,550, 650,550, 600,600, 600,750, 650,550, 650,550, 600,600, 600,750, 600,1700, 600,1700, 600,600, 650,650, 650,550, 600,1700, 600,600, 650,700, 600,600, 600,600, 550,600, 650,700, 650,550, 600,600, 550,1700, 650,700, 650,550, 600,600, 650,550, 650,700, 600,600, 600,600, 600,600, 650,650, 650,550, 600,600, 600,600, 650,700, 650,1650, 600,1700, 650,1650, 600,750, 600,600, 650,1650, 600,1700, 650,1650, 600};  // UNKNOWN CFB94092

//T28
uint16_t  T28[149] = {3100,3050, 3100,4350, 600,1700, 600,600, 600,1750, 650,700, 600,600, 550,1700, 650,550, 600,1800, 600,1700, 600,1700, 600,600, 550,750, 600,600, 600,1700, 600,1700, 650,700, 600,600, 600,600, 600,1700, 600,750, 550,600, 550,600, 550,600, 600,750, 550,600, 550,600, 600,550, 600,750, 550,600, 600,600, 550,600, 600,750, 600,600, 550,600, 550,600, 600,700, 600,1700, 600,1700, 600,600, 600,750, 550,600, 550,1700, 600,600, 600,750, 600,600, 600,600, 600,600, 550,750, 600,600, 550,600, 600,1700, 600,750, 600,600, 600,600, 600,600, 550,750, 550,600, 550,600, 600,600, 550,750, 550,600, 600,600, 600,600, 600,750, 550,1700, 600,1700, 600,1700, 600,1900, 600,600, 600,1700, 600,1700, 600,1750, 600};  // UNKNOWN A8183FE2

//T29
uint16_t  T29[149] = {3100,3050, 3100,4350, 600,1700, 600,600, 600,1700, 650,700, 600,600, 550,1700, 600,600, 600,1850, 600,1700, 600,1700, 600,600, 550,1850, 600,600, 600,1750, 600,1700, 600,750, 600,600, 600,600, 600,1700, 600,750, 550,600, 600,600, 600,600, 600,750, 550,600, 600,600, 600,600, 600,700, 600,600, 550,600, 600,550, 600,1850, 600,600, 650,550, 600,600, 600,750, 600,1700, 650,1700, 600,600, 600,750, 600,550, 650,1700, 600,600, 550,750, 650,550, 600,600, 550,600, 600,750, 600,600, 600,600, 550,1700, 650,700, 650,550, 600,600, 600,600, 650,700, 600,600, 600,600, 600,600, 600,750, 650,550, 600,600, 600,600, 600,750, 600,600, 600,600, 550,600, 600,750, 600,1700, 600,600, 600,600, 600,600, 650};  // UNKNOWN D344BB7E

//T30
uint16_t  T30[149] = {3100,3050, 3100,4350, 600,1700, 600,600, 600,1700, 650,700, 600,600, 600,1700, 600,600, 600,1850, 600,1700, 600,1700, 650,1700, 600,750, 600,600, 550,1700, 600,1700, 600,750, 600,600, 550,600, 600,1700, 650,700, 600,600, 550,600, 600,600, 650,700, 600,600, 550,600, 600,600, 600,700, 600,600, 600,600, 550,600, 550,1850, 600,600, 600,600, 600,600, 600,750, 600,1700, 600,1700, 600,600, 600,750, 600,600, 600,1750, 600,600, 600,750, 600,600, 600,600, 600,600, 550,750, 600,600, 550,600, 600,1700, 600,750, 600,600, 600,600, 600,600, 600,700, 600,600, 550,600, 600,600, 600,750, 600,600, 550,600, 600,600, 600,750, 600,600, 600,600, 550,600, 600,1900, 600,1700, 600,600, 550,600, 600,600, 600};  // UNKNOWN 70CE5E9C

//Fan Auto
uint16_t  FanAuto[149] = {3100,3050, 3100,4300, 650,1700, 650,500, 600,1700, 700,650, 650,500, 600,1700, 600,600, 650,1750, 650,1650, 700,1600, 650,1700, 650,700, 700,500, 600,600, 600,1750, 650,1750, 650,550, 600,550, 700,1600, 650,700, 650,500, 650,550, 700,500, 600,700, 600,550, 650,600, 650,500, 600,700, 600,600, 650,500, 650,500, 650,1800, 600,600, 650,500, 650,500, 600,700, 700,1650, 700,1650, 600,600, 650,700, 650,500, 650,550, 550,600, 650,650, 600,600, 700,500, 600,550, 650,700, 600,550, 650,500, 600,1700, 650,650, 650,550, 600,550, 600,600, 550,750, 650,500, 650,550, 600,600, 600,700, 650,500, 650,500, 600,600, 600,750, 600,1700, 600,1700, 650,500, 600,1850, 650,600, 600,1650, 650,550, 600,1700, 650};  // UNKNOWN 355977F7

//Fan 1
uint16_t  Fan1[149] = {3100,3050, 3100,4350, 600,1700, 600,600, 600,1700, 600,750, 600,600, 550,1700, 600,600, 600,1850, 600,1700, 600,1700, 600,1750, 600,750, 600,600, 600,600, 600,1700, 600,1850, 600,600, 600,600, 600,1700, 600,750, 550,600, 600,600, 600,600, 550,750, 600,600, 600,600, 550,600, 600,750, 550,600, 550,600, 600,600, 550,1850, 600,600, 600,600, 600,600, 550,750, 600,1700, 600,1750, 600,600, 600,750, 600,1750, 600,1700, 600,600, 600,750, 600,600, 600,600, 550,600, 600,750, 550,600, 600,600, 550,1700, 600,750, 550,600, 600,600, 600,600, 600,750, 550,600, 550,600, 600,600, 600,750, 550,600, 600,600, 600,600, 600,750, 600,1750, 600,600, 600,600, 600,1900, 600,600, 600,1700, 600,600, 550,1700, 600};  // UNKNOWN 4F14AD9

//Fan 2
uint16_t  Fan2[149] = {3100,3050, 3100,4350, 650,1650, 650,550, 550,1700, 650,700, 650,550, 600,1700, 650,550, 600,1800, 650,1700, 600,1700, 600,1700, 600,750, 650,550, 600,600, 600,1700, 600,1850, 650,600, 600,550, 600,1700, 650,700, 650,550, 600,600, 650,500, 600,700, 600,600, 600,600, 650,500, 650,700, 550,600, 650,550, 600,1700, 600,750, 600,550, 650,550, 650,550, 600,750, 600,1700, 600,1700, 600,600, 600,700, 600,1700, 600,600, 650,550, 600,750, 650,550, 650,550, 600,600, 650,700, 600,600, 600,600, 600,1700, 600,750, 600,600, 550,600, 650,550, 650,700, 650,550, 600,600, 550,600, 600,750, 600,600, 600,600, 550,600, 650,700, 550,600, 600,1700, 650,550, 600,1900, 600,600, 650,1650, 600,1700, 600,600, 650};  // UNKNOWN 84BDCF71

//Fan 3
uint16_t  Fan3[149] = {3100,3050, 3100,4350, 600,1700, 600,600, 600,1700, 600,750, 600,600, 600,1750, 600,600, 550,1850, 600,1700, 600,1700, 600,1700, 600,750, 550,600, 600,600, 600,1700, 600,1850, 600,600, 550,600, 600,1700, 600,750, 550,600, 600,600, 550,600, 600,750, 600,600, 600,600, 550,600, 600,700, 600,600, 550,600, 600,1700, 600,750, 550,600, 600,600, 550,600, 550,750, 600,1700, 600,1700, 600,600, 550,750, 550,600, 600,1700, 600,600, 550,750, 550,600, 600,600, 600,600, 600,750, 600,600, 600,600, 600,1700, 600,750, 600,550, 600,600, 600,600, 600,750, 600,600, 600,600, 550,600, 600,750, 600,600, 600,600, 600,600, 600,750, 600,600, 550,600, 600,600, 550,1900, 600,600, 600,1700, 600,1700, 600,600, 600};  // UNKNOWN 8AEB3A25

//Swing On
uint16_t  SwingOn[149] = {3050,3100, 3050,4350, 650,1700, 550,650, 500,1750, 550,750, 600,600, 550,1750, 600,600, 550,1850, 550,1750, 600,1750, 550,1750, 550,800, 500,600, 550,1750, 550,650, 550,750, 550,650, 550,650, 550,600, 550,750, 550,600, 550,650, 600,550, 550,750, 550,600, 550,600, 550,600, 600,750, 550,650, 500,600, 550,1750, 550,750, 550,650, 500,600, 550,600, 550,750, 600,1750, 550,1750, 600,600, 550,750, 550,600, 600,1700, 600,600, 550,750, 550,600, 600,600, 550,600, 550,750, 550,600, 550,600, 550,1750, 550,750, 550,650, 550,600, 600,600, 550,750, 550,600, 550,600, 550,650, 550,800, 550,600, 550,600, 550,650, 550,750, 550,1750, 550,1750, 550,1750, 550,1900, 550,600, 550,1750, 550,1750, 550,1750, 600};  // UNKNOWN C6288DEA

//Swing Off
uint16_t  SwingOff[149] = {3150,3000, 3100,4350, 650,1650, 600,600, 600,1700, 600,750, 600,600, 550,1700, 600,600, 550,1850, 650,1700, 600,1700, 650,1650, 600,750, 600,600, 600,1700, 600,600, 550,1850, 650,550, 650,550, 600,1700, 600,750, 650,600, 550,600, 550,600, 550,750, 650,550, 600,600, 600,600, 600,750, 600,550, 650,550, 550,1750, 650,700, 650,600, 550,600, 550,600, 550,750, 650,1650, 600,1700, 600,600, 650,700, 550,600, 550,1700, 650,550, 600,750, 600,600, 600,600, 600,600, 550,750, 550,600, 600,600, 600,1750, 600,750, 550,600, 550,600, 650,550, 550,750, 600,600, 600,600, 600,600, 600,750, 600,600, 600,600, 600,550, 600,750, 600,600, 600,600, 600,550, 650,1850, 600,1700, 650,550, 600,600, 550,600, 600};  // UNKNOWN 78BEC37F

//Mode Humidity
uint16_t  ModeHumidity[149] = {3100,3050, 3100,4350, 600,1700, 600,600, 550,1700, 600,750, 600,600, 600,1700, 600,600, 650,1800, 600,1750, 600,600, 600,600, 600,750, 550,600, 600,600, 600,1750, 600,750, 600,600, 600,600, 600,1700, 600,750, 550,600, 650,550, 600,600, 550,750, 550,600, 600,600, 600,600, 600,700, 600,600, 600,600, 600,1700, 600,1850, 600,600, 600,600, 600,600, 550,750, 600,1700, 600,1700, 600,600, 650,700, 600,600, 550,600, 650,550, 600,750, 600,600, 600,600, 550,600, 650,700, 600,600, 600,1700, 600,600, 600,750, 600,600, 600,600, 600,600, 600,750, 600,600, 550,600, 600,600, 600,750, 600,600, 550,600, 600,600, 600,750, 600,1750, 600,600, 600,600, 600,1900, 600,600, 550,1700, 600,1700, 600,600, 600};  // UNKNOWN 9FA5F9CF

//Mode Fan
uint16_t  ModeFan[149] = {3100,3050, 3100,4350, 600,1700, 650,600, 550,1700, 600,750, 550,600, 600,1750, 600,600, 600,1800, 600,600, 600,600, 600,600, 650,700, 550,600, 600,600, 600,1700, 600,750, 550,600, 600,600, 650,1650, 600,750, 550,600, 550,600, 650,550, 550,750, 600,600, 550,600, 650,550, 600,700, 600,600, 550,600, 600,1700, 600,1850, 650,550, 650,550, 600,600, 600,750, 600,1700, 600,1750, 600,600, 600,750, 600,1750, 600,1700, 650,600, 550,750, 600,600, 600,600, 650,600, 550,750, 600,1700, 650,550, 600,600, 600,750, 600,600, 600,550, 600,600, 600,750, 550,600, 550,600, 600,550, 600,750, 550,600, 550,600, 600,550, 600,750, 600,600, 550,600, 550,600, 650,1850, 600,600, 550,1700, 600,1750, 600,600, 600};  // UNKNOWN 2D43E52E

//Mode Auto
uint16_t  ModeAuto[149] = {3100,3050, 3100,4350, 600,1700, 600,600, 600,1700, 600,750, 600,600, 550,1700, 600,600, 650,1800, 600,600, 600,600, 550,600, 600,750, 600,600, 550,600, 550,1700, 600,750, 600,600, 600,600, 650,1650, 600,750, 600,600, 600,600, 600,600, 600,750, 600,600, 600,600, 550,600, 600,750, 550,600, 600,600, 600,1700, 600,1850, 600,600, 600,600, 550,600, 600,750, 600,1700, 600,1700, 600,600, 550,750, 550,600, 550,600, 600,600, 600,750, 600,600, 600,600, 600,600, 600,750, 600,600, 550,600, 600,600, 600,750, 600,600, 550,600, 600,600, 600,750, 600,600, 600,600, 550,600, 600,750, 600,600, 550,600, 550,600, 650,700, 600,1700, 600,1700, 600,600, 600,1900, 600,600, 600,1700, 600,1700, 650,550, 600};  // UNKNOWN 7ADE1CE4

//Mode Cool
uint16_t  ModeCool[149] = {3100,3050, 3100,4350, 600,1700, 600,600, 550,1700, 600,750, 550,600, 550,1700, 600,600, 600,1850, 600,1700, 600,1700, 600,1700, 600,750, 600,600, 550,600, 550,1700, 600,750, 600,600, 550,600, 600,1700, 600,750, 600,600, 600,600, 600,600, 550,750, 550,600, 600,600, 600,600, 600,700, 600,600, 550,1700, 600,600, 550,750, 600,600, 600,600, 600,600, 550,750, 600,1700, 600,1700, 600,600, 600,750, 600,600, 600,1700, 600,600, 600,750, 600,600, 600,600, 550,600, 600,750, 600,600, 600,600, 550,1700, 600,750, 600,600, 550,600, 600,600, 550,750, 600,600, 600,600, 550,600, 550,750, 600,600, 600,600, 550,600, 600,750, 600,600, 550,600, 600,600, 600,1900, 600,600, 600,1700, 600,1750, 600,1700, 600};  // UNKNOWN E133B5C9
