Samsung Air Conditioner Raw Code

On
uint16_t  rawData[347] = {3100,8900, 650,400, 650,1400, 650,400, 650,400, 650,400, 650,400, 650,400, 650,400, 650,450, 600,1450, 600,450, 600,450, 600,1400, 650,400, 650,400, 650,1400, 650,1400, 650,1400, 650,1400, 650,1400, 650,450, 600,450, 600,450, 550,500, 600,450, 600,450, 600,400, 650,400, 650,400, 650,400, 650,400, 650,400, 650,400, 650,400, 650,400, 600,450, 650,400, 650,400, 650,400, 600,450, 600,450, 600,450, 550,500, 600,450, 600,450, 600,400, 650,400, 600,450, 600,450, 650,400, 600,450, 650,400, 650,1400, 650,1400, 650,1400, 600,1500, 650,2900, 3150,8900, 600,1450, 600,400, 600,450, 600,450, 600,400, 650,400, 600,400, 600,450, 600,450, 600,1400, 650,400, 600,450, 600,1500, 600,450, 550,1450, 550,1450, 550,1450, 600,1450, 600,1400, 600,1400, 600,450, 600,450, 600,450, 600,450, 600,450, 600,450, 600,450, 550,500, 500,550, 550,500, 550,500, 550,500, 600,450, 600,450, 600,450, 600,450, 600,450, 600,450, 600,450, 600,450, 600,450, 600,450, 600,450, 600,450, 600,500, 550,500, 550,500, 550,500, 550,500, 550,500, 550,500, 600,450, 600,450, 600,450, 600,450, 600,450, 600,2950, 3050,8950, 600,1450, 600,450, 600,450, 600,450, 600,500, 550,450, 550,500, 550,500, 550,500, 550,1450, 600,450, 600,450, 600,450, 600,450, 600,1450, 600,1450, 600,450, 600,1450, 600,1500, 550,1500, 550,1500, 600,1450, 600,1450, 600,1450, 600,1450, 600,450, 600,450, 600,450, 600,1450, 600,1450, 600,1500, 550,500, 550,500, 550,500, 550,500, 550,500, 550,450, 600,1450, 600,1450, 600,1450, 600,1450, 600,450, 600,450, 600,450, 600,1450, 600,500, 550,500, 500,550, 550,500, 550,500, 550,500, 600,450, 600,1450, 600,1450, 600,1450, 600,1450, 600};  // SONY 0

Off
uint16_t  rawData[347] = {3150,8900, 600,450, 600,1450, 650,400, 650,400, 650,400, 650,400, 650,400, 600,400, 600,400, 600,1400, 650,400, 600,400, 600,1400, 650,1450, 550,500, 550,1450, 600,1400, 650,1400, 650,1400, 650,1400, 650,400, 600,400, 650,400, 600,400, 650,400, 600,400, 600,450, 550,500, 600,450, 500,550, 600,450, 600,450, 600,450, 600,400, 600,450, 600,400, 600,450, 600,400, 600,450, 600,450, 600,450, 600,450, 600,450, 600,450, 600,450, 600,450, 550,500, 500,550, 600,450, 600,450, 600,450, 600,450, 600,450, 600,450, 600,1450, 600,1400, 600,2950, 3050,8950, 600,1400, 600,450, 600,450, 600,500, 550,500, 500,550, 550,500, 550,500, 550,500, 600,1400, 600,450, 600,450, 600,1450, 600,450, 600,1450, 600,1450, 600,1450, 600,1500, 550,1500, 550,1450, 550,500, 550,450, 600,450, 600,450, 600,450, 600,450, 600,450, 600,450, 600,450, 600,450, 600,450, 600,450, 600,450, 600,500, 550,500, 550,500, 550,500, 550,500, 550,500, 550,450, 600,450, 600,450, 600,450, 600,450, 600,450, 600,450, 600,450, 600,450, 600,450, 600,450, 600,450, 600,500, 550,500, 550,500, 500,550, 550,500, 600,2950, 3100,8950, 600,1450, 600,450, 600,450, 600,450, 600,450, 600,450, 600,450, 600,450, 600,450, 600,1450, 600,500, 550,500, 550,450, 550,1500, 550,1450, 600,1450, 600,450, 600,1450, 600,1450, 600,1450, 600,1450, 600,1450, 600,1500, 550,1500, 500,1500, 550,500, 550,500, 600,450, 600,1450, 600,1450, 600,1450, 600,450, 600,450, 600,450, 600,450, 600,450, 600,450, 600,1500, 550,1450, 550,1450, 550,1450, 600,450, 600,450, 600,450, 600,1450, 600,450, 600,450, 600,450, 600,450, 600,450, 600,450, 600,450, 600,500, 550,500, 500,1500, 550,1450, 600};  // SONY 0

Temperature T16
uint16_t  rawData[231] = {3100,8900, 600,450, 600,1450, 600,450, 600,450, 600,450, 600,450, 550,450, 600,450, 600,450, 600,1450, 600,450, 600,450, 600,1450, 600,450, 600,450, 600,1450, 600,1450, 600,1450, 600,1450, 600,1450, 550,450, 550,500, 600,450, 600,450, 600,450, 600,450, 600,450, 600,450, 600,450, 600,450, 600,450, 600,450, 600,450, 600,450, 600,450, 600,450, 600,450, 600,450, 600,450, 600,450, 600,450, 600,450, 600,450, 600,450, 600,450, 600,450, 600,450, 600,450, 600,450, 600,450, 600,450, 600,450, 600,1450, 600,1450, 550,1500, 550,1450, 600,2900, 3100,8900, 600,1450, 600,450, 600,450, 600,450, 600,450, 600,450, 600,450, 600,450, 600,450, 600,1450, 550,450, 550,450, 550,450, 550,1450, 600,1450, 600,1450, 600,450, 600,1450, 600,1450, 600,1450, 600,1450, 600,1450, 550,1450, 550,1450, 550,1450, 600,450, 600,450, 600,450, 600,1450, 600,1450, 600,1450, 600,450, 600,450, 600,450, 600,450, 600,450, 550,450, 600,450, 500,500, 550,500, 550,1450, 600,450, 550,1500, 600,450, 600,1450, 600,450, 600,450, 600,450, 600,450, 600,450, 600,450, 600,450, 600,1450, 550,1500, 550,1500, 550,1500, 600};  // SONY 0

T17
uint16_t  rawData[231] = {3100,8900, 650,400, 650,1400, 650,450, 600,450, 600,450, 600,450, 550,500, 600,400, 600,400, 650,1400, 650,400, 650,400, 650,1400, 650,400, 650,400, 650,1400, 650,1400, 600,1450, 600,1450, 600,1450, 600,400, 600,450, 650,400, 650,400, 600,400, 650,400, 600,400, 650,400, 650,400, 650,400, 650,400, 600,400, 600,400, 600,450, 600,450, 600,450, 550,500, 600,450, 600,450, 600,400, 600,400, 600,400, 600,400, 600,400, 600,400, 600,450, 600,450, 600,450, 600,400, 600,450, 600,450, 600,450, 600,1450, 550,1500, 600,1450, 600,1400, 650,2950, 3100,8900, 650,1400, 600,400, 600,450, 600,450, 600,450, 600,450, 600,450, 600,450, 600,450, 550,1500, 550,500, 550,500, 550,1450, 600,450, 600,1450, 600,1450, 600,450, 600,1450, 600,1450, 600,1450, 600,1450, 600,1500, 500,1500, 550,1450, 550,1450, 600,450, 600,450, 600,450, 600,1450, 600,1450, 600,1450, 600,450, 600,450, 600,450, 600,500, 550,500, 500,1500, 550,500, 550,500, 600,450, 600,1450, 600,450, 600,1450, 600,450, 600,1450, 600,450, 600,450, 600,450, 600,450, 600,450, 600,500, 550,450, 550,1500, 550,1450, 550,1450, 600,1450, 600};  // SONY 0

T18
uint16_t  rawData[231] = {3050,9000, 550,500, 550,1450, 600,450, 600,450, 600,450, 600,450, 600,450, 600,450, 600,450, 600,1450, 600,450, 600,450, 550,1500, 600,450, 600,450, 600,1450, 500,1500, 600,1450, 600,1400, 550,1450, 600,450, 600,450, 600,450, 600,450, 600,450, 550,500, 600,450, 600,450, 600,450, 550,500, 600,450, 550,500, 550,500, 550,500, 600,450, 600,450, 550,500, 600,450, 550,500, 600,450, 600,450, 600,450, 550,500, 600,450, 500,500, 550,500, 550,500, 600,450, 550,450, 550,500, 550,500, 500,500, 600,1450, 600,1400, 600,1450, 600,1450, 550,3000, 3050,8950, 600,1450, 550,500, 600,450, 550,500, 600,450, 550,500, 550,500, 500,550, 500,500, 550,1500, 550,500, 550,500, 500,1500, 550,500, 500,1500, 550,1500, 550,500, 550,1500, 550,1500, 550,1450, 500,1500, 550,1450, 550,1450, 550,1450, 550,1450, 550,500, 550,500, 550,500, 550,1500, 550,1500, 550,1500, 500,550, 500,550, 500,550, 500,500, 550,500, 550,500, 550,1500, 550,500, 550,500, 550,1500, 550,500, 550,1450, 550,500, 550,1500, 550,500, 500,550, 500,500, 500,550, 500,500, 550,500, 550,500, 550,1450, 550,1450, 550,1450, 550,1450, 600};  // SONY 0

T19
uint16_t  rawData[231] = {3150,8900, 600,450, 600,1400, 650,400, 650,400, 650,400, 650,400, 650,400, 650,400, 650,400, 650,1400, 650,400, 650,400, 650,1400, 650,450, 600,450, 600,1450, 600,1400, 600,1400, 650,1400, 650,1400, 650,400, 650,400, 650,400, 650,400, 650,400, 650,400, 650,400, 600,450, 600,450, 600,450, 550,500, 600,450, 600,400, 600,400, 650,400, 650,400, 650,400, 650,400, 650,400, 650,400, 650,400, 650,400, 650,400, 600,400, 650,400, 600,450, 600,450, 600,450, 550,500, 600,450, 600,450, 600,400, 600,1400, 650,1400, 650,1400, 650,1400, 650,2900, 3100,8900, 650,1400, 650,400, 600,450, 600,450, 600,450, 600,450, 600,450, 600,450, 600,450, 650,1400, 650,400, 650,400, 650,400, 600,400, 600,1400, 650,1400, 600,400, 600,1450, 600,1450, 600,1450, 600,1450, 600,1400, 650,1400, 650,1400, 650,1400, 600,400, 600,400, 600,400, 600,1400, 650,1450, 600,1450, 600,450, 600,450, 550,500, 600,450, 600,450, 600,1400, 600,1450, 650,400, 600,450, 600,1400, 600,400, 600,1400, 600,450, 600,1500, 600,450, 500,550, 550,500, 600,450, 600,450, 600,450, 600,450, 600,1450, 600,1400, 600,1400, 600,1400, 600};  // SONY 0

T20
uint16_t  rawData[231] = {3100,8900, 650,400, 600,1400, 650,400, 650,400, 650,400, 650,400, 600,400, 650,400, 600,450, 600,1450, 600,450, 600,450, 600,1400, 650,400, 650,400, 650,1400, 650,1400, 650,1400, 650,1400, 650,1400, 650,400, 600,450, 600,450, 600,450, 600,450, 600,450, 600,450, 650,400, 650,400, 650,400, 600,400, 650,400, 650,400, 650,400, 650,400, 650,400, 600,400, 600,400, 600,400, 600,450, 600,450, 550,500, 600,450, 600,450, 600,400, 650,400, 650,400, 600,400, 600,400, 600,400, 650,400, 600,400, 650,1400, 650,1400, 650,1400, 650,1450, 650,2900, 3150,8900, 600,1450, 600,450, 650,400, 650,400, 600,400, 600,400, 650,400, 650,400, 650,400, 650,1400, 650,400, 600,400, 600,1450, 600,450, 600,1450, 550,1500, 600,450, 600,1400, 650,1400, 650,1400, 600,1450, 600,1400, 650,1400, 650,1400, 600,1450, 600,450, 500,550, 550,500, 600,1400, 550,1450, 600,1450, 650,400, 600,450, 600,450, 600,400, 600,400, 600,450, 600,450, 600,1400, 600,450, 600,1450, 550,500, 600,1450, 600,450, 600,1400, 600,450, 600,450, 600,450, 600,450, 600,450, 600,450, 600,450, 600,1450, 600,1500, 600,1450, 500,1500, 600};  // SONY 0

T21
uint16_t  rawData[231] = {3100,8900, 650,400, 650,1400, 650,450, 600,450, 600,450, 600,450, 600,450, 600,400, 650,400, 650,1400, 650,400, 650,400, 650,1400, 650,400, 650,400, 650,1400, 650,1400, 650,1450, 600,1450, 600,1450, 600,400, 600,450, 650,400, 650,400, 650,400, 650,400, 650,400, 650,400, 650,400, 650,400, 650,400, 650,400, 650,400, 650,400, 650,450, 600,450, 600,450, 600,450, 600,450, 650,400, 650,400, 650,400, 650,400, 650,400, 650,400, 650,400, 650,400, 650,400, 650,400, 650,400, 650,400, 650,400, 600,1450, 500,1500, 600,1400, 600,1400, 650,2900, 3100,8900, 650,1400, 650,400, 650,400, 650,400, 650,400, 650,400, 650,400, 600,400, 600,450, 600,1450, 600,450, 600,450, 600,450, 600,450, 650,1400, 650,1400, 650,400, 650,1400, 650,1400, 650,1400, 650,1400, 650,1450, 600,1450, 600,1450, 550,1450, 650,400, 650,400, 600,400, 650,1400, 650,1400, 600,1400, 650,400, 600,450, 600,450, 600,450, 550,500, 600,1450, 600,450, 550,1450, 600,450, 600,1400, 600,450, 600,1450, 600,450, 600,1450, 650,400, 600,400, 600,450, 600,400, 600,450, 600,500, 550,500, 550,1450, 600,1450, 550,1450, 600,1450, 600};  // SONY 0

T22
uint16_t  rawData[231] = {3100,8950, 600,450, 550,1450, 550,500, 500,500, 550,500, 550,500, 550,500, 550,450, 550,450, 550,1450, 550,500, 550,500, 550,1500, 550,500, 550,500, 600,1450, 550,1450, 550,1450, 550,1450, 550,1500, 550,500, 550,500, 550,450, 500,500, 550,500, 550,500, 500,550, 550,500, 500,550, 550,500, 600,450, 550,450, 500,500, 550,500, 500,500, 550,450, 550,500, 550,500, 550,450, 500,500, 550,500, 500,500, 500,500, 550,500, 550,500, 500,550, 550,500, 500,550, 600,450, 550,500, 500,500, 500,500, 500,1500, 550,1500, 550,1450, 550,1500, 550,3000, 3050,8950, 550,1500, 500,550, 500,550, 500,550, 600,450, 550,500, 500,550, 550,500, 500,500, 500,1500, 550,500, 500,500, 550,500, 500,500, 500,1500, 550,1500, 550,500, 500,1550, 500,1550, 600,1450, 550,1500, 500,1500, 550,1500, 550,1500, 550,1500, 550,500, 550,500, 500,500, 500,1500, 500,1550, 500,1550, 600,450, 550,450, 550,500, 500,550, 500,500, 500,500, 500,1500, 550,1500, 550,500, 500,1500, 550,500, 500,1500, 500,500, 500,1550, 500,550, 550,450, 550,500, 500,550, 500,500, 500,500, 500,500, 500,1500, 550,1500, 550,1500, 500,1500, 600};  // SONY 0

T23
uint16_t  rawData[231] = {3100,8900, 550,450, 550,1450, 600,450, 600,400, 600,400, 600,400, 600,450, 600,450, 600,450, 600,1400, 600,400, 600,450, 600,1400, 600,450, 600,450, 600,1450, 550,1500, 600,1450, 600,1400, 600,1400, 600,400, 600,450, 600,450, 600,450, 600,450, 600,450, 600,450, 600,450, 600,450, 600,450, 600,450, 550,500, 550,500, 600,450, 600,450, 600,450, 600,450, 600,450, 600,450, 600,450, 600,450, 600,450, 600,450, 600,450, 600,450, 600,450, 550,500, 600,450, 600,450, 550,500, 550,500, 550,500, 600,1450, 600,1400, 600,1450, 550,1450, 600,2950, 3100,8900, 600,1400, 550,500, 600,450, 600,450, 600,450, 550,450, 500,550, 500,550, 500,550, 550,1450, 600,450, 600,450, 550,1450, 550,1450, 550,500, 550,1450, 600,450, 550,1500, 600,1450, 550,1450, 500,1500, 600,1450, 550,1450, 550,1450, 550,1450, 600,450, 550,500, 550,500, 550,1500, 550,1500, 600,1450, 600,450, 500,550, 500,500, 500,550, 550,500, 500,1500, 550,1450, 550,1450, 550,500, 550,1500, 550,500, 550,1500, 550,500, 500,1550, 600,450, 500,550, 500,550, 550,500, 500,500, 500,500, 500,500, 500,1500, 550,1500, 600,1450, 550,1450, 600};  // SONY 0

T24
uint16_t  rawData[231] = {3150,8900, 600,450, 600,1400, 600,400, 600,400, 600,400, 600,400, 600,400, 600,400, 600,400, 600,1400, 650,400, 600,400, 600,1400, 600,450, 600,450, 600,1450, 600,1450, 600,1400, 650,1400, 650,1400, 650,400, 650,400, 600,400, 600,400, 600,450, 600,400, 600,400, 600,450, 600,450, 600,450, 550,500, 600,450, 600,450, 600,450, 600,400, 600,400, 600,400, 600,450, 600,400, 600,450, 600,400, 600,450, 600,450, 600,450, 600,400, 600,450, 550,500, 600,450, 550,500, 600,450, 550,500, 550,450, 600,1450, 650,1400, 600,1450, 600,1400, 650,2900, 3050,8950, 600,1400, 600,450, 600,450, 550,500, 550,450, 550,500, 550,500, 550,500, 600,450, 600,1450, 600,400, 600,450, 600,1450, 600,450, 600,1400, 600,1450, 600,450, 600,1500, 600,1450, 550,1450, 600,1450, 600,1400, 600,1450, 600,1400, 600,1450, 600,450, 600,450, 600,450, 600,1450, 600,1500, 550,1500, 550,500, 550,500, 550,500, 550,450, 600,450, 600,450, 600,450, 600,450, 600,1450, 600,1450, 600,450, 600,1450, 600,450, 600,1500, 550,500, 500,550, 550,500, 550,500, 550,450, 600,450, 600,450, 600,1450, 600,1450, 600,1450, 600,1450, 550};  // SONY 0

T25
uint16_t  rawData[231] = {3100,8950, 600,450, 600,1450, 550,500, 550,500, 550,500, 550,500, 600,450, 550,450, 550,450, 500,1500, 550,500, 550,450, 550,1450, 550,500, 550,500, 550,1500, 600,1450, 550,1450, 550,1450, 550,1450, 600,450, 550,450, 600,450, 550,450, 550,450, 550,500, 550,450, 550,500, 550,500, 550,500, 600,450, 600,450, 600,450, 550,450, 550,450, 550,450, 600,450, 550,500, 550,450, 600,450, 550,450, 500,500, 550,450, 600,450, 550,450, 550,500, 550,500, 550,500, 600,450, 600,450, 550,450, 550,450, 600,1450, 600,1450, 550,1450, 600,1450, 600,3000, 3000,9000, 550,1450, 550,500, 550,500, 550,500, 500,550, 600,450, 600,450, 550,450, 550,450, 550,1450, 550,500, 550,450, 550,500, 600,450, 550,1450, 550,1450, 550,450, 500,1500, 500,1550, 600,1450, 600,1450, 550,1450, 550,1450, 550,1450, 550,1450, 550,450, 600,450, 500,500, 550,1450, 550,1500, 550,1500, 600,450, 600,450, 550,450, 600,450, 600,450, 550,1450, 550,500, 550,450, 500,1500, 550,1500, 600,450, 550,1450, 550,500, 550,1500, 550,500, 600,450, 550,500, 550,450, 550,500, 550,450, 600,450, 550,1450, 550,1450, 600,1450, 550,1450, 600};  // SONY 0

T26
uint16_t  rawData[231] = {3100,8950, 550,450, 550,1450, 600,450, 550,500, 550,500, 600,450, 600,450, 600,450, 600,450, 600,1450, 550,500, 550,500, 550,1450, 550,500, 550,500, 600,1450, 550,1450, 600,1450, 550,1500, 550,1450, 600,450, 550,500, 550,500, 600,450, 550,450, 550,500, 550,500, 550,500, 550,500, 600,450, 550,500, 550,500, 550,450, 550,500, 550,500, 550,500, 500,500, 500,500, 500,500, 550,500, 550,500, 550,500, 500,500, 550,500, 500,500, 550,500, 500,550, 600,450, 600,450, 550,500, 500,500, 550,500, 550,1500, 550,1450, 550,1500, 550,1500, 550,3000, 3000,9000, 550,1450, 550,500, 550,500, 550,500, 600,450, 500,550, 550,500, 550,500, 550,500, 500,1500, 550,500, 500,500, 500,500, 500,500, 550,1450, 550,1450, 500,500, 500,1550, 500,1550, 600,1450, 500,1500, 550,1500, 550,1500, 550,1500, 550,1500, 500,500, 500,500, 500,500, 500,1500, 500,1550, 500,1550, 600,450, 550,500, 500,500, 500,500, 550,500, 500,500, 550,1500, 550,500, 500,1500, 550,1500, 500,500, 500,1500, 500,550, 500,1550, 550,500, 550,500, 500,550, 550,500, 500,500, 500,500, 500,500, 500,1500, 550,1500, 550,1500, 550,1500, 600};  // SONY 0

T27
uint16_t  rawData[231] = {3100,8900, 550,500, 600,1450, 600,450, 600,450, 600,450, 600,450, 600,400, 600,450, 600,450, 600,1400, 600,450, 600,450, 600,1450, 600,450, 600,450, 600,1450, 550,1450, 600,1400, 600,1400, 600,1400, 600,400, 600,450, 600,450, 600,450, 600,450, 600,450, 600,450, 600,450, 550,500, 600,450, 550,450, 500,550, 600,450, 550,500, 550,500, 550,450, 600,450, 600,450, 600,400, 550,450, 600,450, 600,450, 600,450, 550,500, 550,450, 600,450, 600,450, 600,450, 550,500, 500,550, 600,450, 600,450, 600,1450, 600,1400, 600,1400, 600,1450, 600,3000, 3050,8950, 600,1400, 600,450, 600,450, 550,500, 550,450, 500,550, 550,500, 550,500, 550,500, 550,1450, 600,450, 550,450, 550,1450, 600,1400, 600,450, 550,1450, 550,500, 550,1500, 550,1500, 500,1500, 550,1500, 600,1400, 600,1450, 550,1450, 600,1450, 600,450, 550,450, 550,450, 550,1450, 550,1500, 550,1500, 500,550, 500,550, 550,500, 550,500, 550,450, 550,1450, 600,1450, 550,450, 550,1450, 600,1450, 550,450, 550,1450, 550,500, 550,1500, 500,550, 500,500, 550,500, 550,500, 550,450, 550,450, 550,450, 550,1450, 600,1450, 600,1450, 550,1450, 550};  // SONY 0

T28
uint16_t  rawData[231] = {3100,8950, 550,500, 550,1450, 600,450, 600,450, 600,450, 600,450, 600,450, 600,450, 600,450, 600,1400, 600,450, 600,450, 550,1450, 600,450, 600,450, 600,1450, 550,1500, 550,1450, 600,1400, 600,1450, 600,450, 600,450, 600,450, 600,450, 600,450, 600,450, 600,450, 600,450, 600,450, 550,500, 600,450, 550,500, 500,550, 600,450, 600,450, 550,500, 600,450, 600,450, 600,450, 600,450, 600,450, 550,500, 550,500, 600,450, 600,450, 550,500, 600,450, 550,500, 600,450, 500,550, 500,500, 550,500, 600,1450, 550,1450, 600,1450, 600,1450, 550,3000, 3000,9000, 600,1450, 550,500, 550,500, 600,450, 600,450, 550,500, 500,550, 550,500, 550,500, 550,1450, 550,500, 600,450, 550,500, 550,500, 550,1450, 550,1450, 550,500, 550,1500, 550,1500, 600,1450, 500,1500, 550,1450, 550,1450, 550,1450, 550,1450, 550,500, 550,500, 550,500, 550,1450, 550,1500, 550,1500, 550,500, 500,550, 500,550, 500,550, 550,500, 550,500, 550,500, 550,1450, 550,1450, 550,1450, 550,500, 550,1450, 550,500, 550,1500, 550,500, 550,500, 500,550, 500,500, 500,500, 550,500, 550,500, 550,1500, 550,1450, 550,1450, 550,1500, 600};  // SONY 0

T29
uint16_t  rawData[231] = {3050,9000, 600,450, 550,1450, 550,500, 550,450, 500,500, 550,450, 550,500, 550,450, 600,450, 600,1450, 600,450, 550,450, 550,1450, 600,450, 600,450, 550,1500, 600,1450, 550,1450, 550,1500, 550,1500, 550,500, 600,450, 600,450, 600,450, 500,500, 550,500, 550,450, 550,500, 550,500, 550,500, 600,450, 600,450, 550,450, 550,500, 550,500, 550,500, 550,500, 550,500, 500,500, 550,500, 500,500, 500,500, 550,500, 550,500, 550,450, 550,500, 550,500, 500,550, 500,550, 600,450, 550,500, 550,500, 550,1500, 550,1500, 550,1500, 600,1450, 550,3000, 3000,9000, 550,1500, 550,500, 550,500, 550,500, 550,500, 550,500, 550,450, 550,500, 500,550, 500,1500, 600,450, 500,500, 550,1500, 550,1450, 550,500, 550,1500, 550,500, 500,1500, 500,1550, 550,1500, 500,1500, 500,1500, 550,1500, 550,1500, 550,1450, 550,500, 550,500, 500,500, 550,1500, 550,1500, 550,1500, 550,500, 600,450, 500,550, 500,550, 500,550, 500,1500, 550,500, 550,1500, 550,1450, 550,1500, 550,500, 550,1500, 550,500, 500,1550, 550,500, 600,450, 500,550, 500,500, 500,500, 500,500, 550,500, 500,1500, 550,1450, 550,1450, 550,1500, 550};  // SONY 0

T30
uint16_t  rawData[231] = {3100,8900, 650,400, 650,1400, 600,450, 600,450, 600,450, 600,450, 600,450, 600,450, 600,400, 600,1400, 650,400, 650,400, 650,1400, 650,400, 600,400, 650,1400, 650,1400, 650,1400, 650,1450, 550,1500, 600,450, 600,450, 600,450, 650,400, 600,400, 600,400, 600,400, 600,400, 600,400, 600,400, 600,400, 600,400, 600,400, 650,400, 600,450, 600,450, 600,450, 550,500, 600,450, 600,450, 600,450, 650,400, 600,450, 600,400, 600,450, 600,450, 600,400, 600,400, 600,450, 600,450, 600,400, 600,450, 600,1450, 550,1500, 550,1500, 600,1400, 600,2900, 3100,8900, 650,1400, 600,450, 600,400, 600,450, 600,450, 600,400, 600,450, 600,450, 600,450, 600,1500, 600,450, 500,550, 600,1450, 600,1400, 600,400, 600,1400, 600,450, 600,1450, 600,1450, 600,1400, 600,1450, 600,1450, 550,1500, 500,1500, 550,1450, 600,450, 600,450, 600,450, 600,1450, 600,1450, 600,1450, 600,450, 600,450, 600,450, 600,450, 600,500, 550,500, 550,1450, 550,1450, 600,1450, 600,1400, 600,450, 600,1450, 600,450, 600,1450, 600,450, 600,450, 600,450, 600,450, 600,500, 550,500, 550,450, 550,1500, 550,1450, 600,1450, 600,1450, 600};  // SONY 0

Fan Auto
uint16_t  rawData[231] = {3100,8950, 550,450, 550,1450, 600,450, 550,500, 550,450, 550,450, 550,450, 500,500, 550,450, 550,1450, 550,500, 600,450, 550,1500, 550,500, 600,450, 550,1500, 550,1450, 550,1450, 550,1450, 550,1450, 600,450, 550,500, 550,450, 500,500, 550,500, 550,500, 550,500, 550,500, 600,450, 550,450, 500,550, 600,450, 600,450, 500,500, 500,500, 550,450, 550,450, 550,500, 500,500, 550,500, 500,500, 550,500, 500,550, 550,500, 550,500, 500,550, 550,500, 550,450, 500,550, 550,500, 500,500, 500,500, 500,1500, 500,1500, 550,1500, 550,1500, 500,3050, 3000,9000, 500,1500, 500,550, 500,550, 600,450, 550,500, 550,500, 500,500, 550,450, 500,500, 550,1500, 550,500, 500,500, 500,500, 550,500, 550,1450, 500,1500, 500,500, 500,1550, 600,1450, 550,1450, 550,1450, 550,1500, 550,1500, 550,1500, 550,1500, 550,500, 500,500, 500,500, 500,1500, 500,1550, 600,1450, 550,500, 500,550, 500,500, 500,500, 500,500, 500,500, 500,1500, 550,1500, 550,1500, 500,1500, 500,500, 500,550, 500,550, 500,1550, 550,500, 500,550, 500,500, 500,500, 500,500, 500,500, 500,500, 500,1500, 550,1500, 550,1500, 550,1500, 550};  // SONY 0

Fan1
uint16_t  rawData[231] = {3100,8950, 550,450, 550,1450, 550,450, 600,450, 600,450, 550,450, 600,450, 550,450, 550,500, 550,1450, 550,500, 550,500, 550,1500, 550,500, 550,450, 550,1450, 600,1450, 600,1450, 550,1450, 600,1450, 600,450, 550,500, 550,500, 550,500, 550,500, 550,500, 550,500, 550,450, 550,500, 550,500, 550,500, 550,500, 550,500, 550,500, 550,500, 550,500, 550,450, 550,450, 600,450, 550,500, 500,500, 550,450, 500,550, 550,500, 550,500, 550,450, 550,500, 550,450, 500,500, 550,500, 500,500, 550,450, 500,1500, 550,1500, 550,1450, 550,1450, 600,2950, 3100,8900, 550,1500, 600,450, 600,450, 550,500, 500,500, 550,500, 550,500, 550,450, 550,450, 550,1450, 550,500, 550,450, 500,1500, 550,1500, 500,550, 500,1550, 500,550, 550,1450, 500,1500, 500,1500, 550,1500, 550,1500, 500,1500, 550,1500, 550,1500, 550,500, 500,500, 500,550, 550,1500, 550,1450, 550,1450, 550,500, 550,500, 500,500, 500,500, 550,500, 550,500, 500,1500, 550,1500, 550,1500, 550,1500, 550,500, 550,1500, 600,450, 550,1450, 500,500, 500,500, 550,500, 500,500, 500,500, 550,500, 500,500, 500,1500, 550,1500, 500,1500, 500,1550, 500};  // SONY 0

Fan2 
uint16_t  rawData[231] = {3050,9000, 550,450, 550,1450, 600,450, 550,500, 600,450, 600,450, 600,450, 600,450, 600,450, 600,1450, 600,450, 600,450, 600,1450, 600,450, 550,500, 550,1450, 550,1450, 600,1400, 600,1450, 600,1400, 550,500, 600,450, 600,450, 550,500, 600,450, 550,500, 550,500, 550,500, 600,450, 550,450, 550,500, 500,500, 550,500, 550,500, 550,450, 550,500, 600,450, 550,500, 600,450, 550,450, 500,500, 550,500, 500,500, 500,500, 600,450, 600,450, 600,450, 550,500, 550,500, 550,500, 550,500, 550,500, 550,1500, 550,1500, 550,1450, 600,1450, 650,2900, 3000,9000, 550,1500, 550,500, 550,500, 550,450, 550,500, 500,550, 500,500, 500,500, 550,500, 500,1500, 550,500, 500,500, 500,1500, 550,1500, 550,500, 500,1500, 550,500, 550,1500, 550,1450, 500,1500, 550,1500, 550,1500, 550,1450, 550,1500, 550,1500, 550,500, 550,500, 500,500, 500,1550, 550,1500, 550,1450, 500,550, 500,500, 500,500, 500,500, 500,500, 500,500, 500,1500, 550,1500, 550,1500, 550,1500, 550,500, 500,550, 500,1550, 550,1450, 500,550, 500,500, 500,500, 500,500, 500,500, 550,500, 500,500, 500,1500, 500,1500, 550,1500, 500,1500, 550};  // SONY 0

Fan3
uint16_t  rawData[231] = {3100,8900, 550,500, 600,1450, 600,450, 600,400, 650,400, 650,400, 650,400, 600,400, 650,400, 650,1400, 650,400, 650,400, 600,1400, 650,400, 600,450, 600,1450, 600,1450, 600,1400, 650,1400, 650,1400, 650,400, 600,400, 650,400, 600,400, 600,400, 650,400, 600,400, 600,400, 650,450, 550,500, 600,450, 500,550, 600,450, 600,450, 600,400, 600,400, 600,400, 650,400, 600,400, 600,400, 600,400, 600,450, 600,450, 600,400, 600,450, 600,450, 600,450, 600,450, 600,450, 550,500, 600,450, 600,450, 600,1400, 650,1400, 650,1400, 650,1400, 600,2950, 3100,8900, 650,1400, 600,450, 600,450, 600,450, 600,450, 600,450, 500,550, 600,450, 600,450, 600,1400, 600,450, 600,450, 600,450, 600,1450, 600,450, 600,1450, 600,450, 600,1450, 600,1450, 600,1450, 500,1500, 600,1450, 600,1400, 600,1400, 600,1400, 600,400, 600,450, 600,450, 600,1400, 600,1450, 600,1450, 550,500, 550,450, 500,550, 600,450, 550,500, 550,450, 600,1450, 600,1450, 600,1450, 600,1450, 600,1450, 600,450, 600,1450, 600,1500, 600,450, 500,550, 550,500, 550,500, 550,450, 600,450, 600,450, 600,1450, 600,1450, 600,1450, 600,1450, 550};  // SONY 0

Swing
uint16_t  rawData[231] = {3100,8900, 600,400, 600,1400, 650,400, 600,450, 550,450, 600,400, 600,450, 600,450, 600,450, 600,1450, 550,500, 600,450, 600,1450, 600,450, 600,450, 600,1400, 600,1450, 600,1450, 600,1450, 600,1450, 600,450, 600,450, 550,500, 600,450, 500,550, 600,450, 600,450, 550,500, 600,450, 600,450, 550,450, 550,450, 600,450, 550,450, 600,450, 550,450, 550,450, 550,500, 550,450, 550,500, 600,450, 550,500, 550,500, 600,450, 550,500, 550,500, 600,450, 550,450, 550,450, 550,450, 600,450, 550,450, 550,1450, 550,1450, 550,1450, 550,1500, 550,2950, 3100,8950, 550,1500, 550,500, 550,450, 550,450, 550,450, 550,450, 550,450, 550,450, 550,450, 550,1450, 550,450, 550,500, 550,500, 550,1500, 550,1500, 500,1500, 550,500, 550,1450, 600,1450, 600,1450, 600,450, 550,1450, 550,450, 550,1450, 550,1450, 550,500, 550,500, 550,500, 500,1500, 550,1450, 550,1450, 600,450, 550,450, 550,450, 550,450, 550,450, 550,500, 550,1450, 550,1450, 550,1500, 550,1500, 500,550, 500,550, 550,500, 550,1450, 550,450, 550,500, 550,450, 550,450, 550,450, 550,450, 550,450, 550,1450, 550,1450, 550,1500, 550,1500, 600};  // SONY 0

Not Swing / Swing Stop
uint16_t  rawData[231] = {3050,8950, 600,450, 600,1400, 600,450, 600,450, 600,450, 600,450, 600,450, 600,450, 600,450, 600,1450, 550,500, 500,550, 600,1400, 650,450, 600,400, 600,1400, 600,1400, 600,1450, 600,1400, 600,1400, 600,450, 600,450, 600,450, 600,450, 550,450, 500,550, 550,500, 600,450, 600,450, 600,450, 600,450, 550,450, 600,450, 600,450, 600,450, 600,450, 600,450, 600,450, 600,450, 550,500, 600,450, 550,500, 550,500, 550,500, 600,450, 600,450, 550,450, 550,450, 600,450, 550,450, 600,450, 550,450, 550,1450, 550,1450, 550,1450, 600,1450, 600,2900, 3100,8900, 500,1500, 550,500, 550,500, 550,500, 550,450, 600,450, 550,450, 550,500, 600,450, 550,1450, 550,450, 550,500, 550,500, 550,500, 550,1500, 550,1450, 500,550, 550,1450, 550,1450, 550,1450, 550,1450, 550,1450, 550,1450, 550,1450, 550,1450, 550,500, 550,500, 550,450, 500,1500, 550,1450, 550,1450, 550,500, 550,450, 550,450, 550,450, 550,500, 550,500, 550,1450, 550,1450, 550,1500, 550,1500, 500,550, 500,550, 550,500, 550,1450, 550,450, 550,500, 550,450, 550,500, 550,500, 550,500, 550,500, 550,1450, 550,1450, 550,1500, 600,1450, 550};  // SONY 0

Turbo
uint16_t  rawData[231] = {3050,8950, 600,450, 500,1500, 550,450, 550,500, 550,450, 600,450, 600,450, 600,500, 550,500, 550,1500, 550,500, 550,450, 550,1450, 600,450, 600,450, 550,1450, 550,1450, 600,1400, 600,1450, 600,1450, 600,450, 550,500, 550,500, 600,450, 500,550, 550,500, 550,500, 550,450, 550,500, 550,450, 550,450, 550,500, 550,450, 550,450, 600,450, 550,450, 550,450, 550,450, 550,500, 550,500, 500,550, 550,450, 550,500, 550,450, 550,500, 550,500, 550,450, 550,500, 550,450, 550,500, 600,450, 550,450, 550,1450, 600,1450, 550,1450, 600,1450, 600,2900, 3100,8950, 600,1450, 550,500, 600,450, 550,500, 500,500, 550,500, 550,450, 500,500, 550,500, 500,1500, 550,500, 550,500, 500,500, 500,1550, 600,450, 550,1450, 550,500, 550,1450, 550,1450, 600,1450, 600,1450, 550,1500, 550,1450, 550,1500, 550,1500, 550,1500, 600,1450, 500,550, 550,1450, 550,1500, 550,1500, 550,500, 550,500, 550,500, 500,500, 500,500, 500,500, 500,1500, 550,1500, 500,1550, 500,1500, 550,500, 550,500, 500,500, 500,1500, 550,500, 550,500, 550,500, 550,500, 500,500, 500,500, 500,500, 500,1500, 500,1550, 600,1450, 500,1500, 550};  // SONY 0

Turbo Stop
uint16_t  rawData[231] = {3000,9000, 600,450, 550,1500, 600,450, 600,450, 600,450, 600,450, 600,450, 600,450, 600,450, 600,1450, 550,450, 550,500, 550,1450, 600,450, 600,450, 600,1450, 600,1450, 600,1450, 600,1450, 600,1450, 550,500, 500,550, 600,450, 600,450, 600,450, 500,550, 500,550, 550,500, 600,450, 550,500, 550,500, 550,500, 600,450, 550,500, 550,500, 550,500, 550,500, 550,500, 550,500, 500,550, 500,550, 500,550, 500,550, 550,500, 550,500, 500,500, 500,500, 550,500, 500,500, 500,500, 550,500, 500,500, 550,1500, 550,1500, 550,1450, 550,1500, 500,3000, 3050,9000, 500,1500, 500,550, 500,500, 550,500, 500,500, 500,500, 500,500, 500,500, 500,500, 550,1500, 550,500, 500,500, 500,550, 500,550, 500,1550, 600,1450, 500,550, 500,1500, 550,1500, 550,1500, 550,1500, 550,1500, 550,1500, 550,1500, 550,1500, 500,550, 500,550, 600,450, 500,1500, 500,1500, 500,1500, 550,500, 500,500, 500,500, 550,500, 500,500, 500,500, 500,1500, 550,1500, 500,1550, 500,1550, 550,500, 500,550, 500,500, 500,1500, 550,500, 500,500, 550,500, 500,500, 500,500, 500,500, 500,500, 500,1500, 500,1500, 500,1550, 600,1450, 550};  // SONY 0

Auto Clean
uint16_t  rawData[231] = {3050,9000, 550,500, 550,1450, 600,450, 550,450, 550,450, 550,500, 600,450, 550,500, 550,500, 500,1550, 550,500, 600,450, 550,1450, 550,450, 550,500, 500,1500, 550,1450, 550,1500, 550,1500, 550,1450, 550,500, 550,500, 500,550, 550,500, 550,500, 600,450, 550,450, 550,500, 550,500, 550,450, 550,500, 500,500, 550,450, 550,500, 500,500, 550,500, 500,500, 500,500, 550,500, 550,500, 550,500, 550,500, 550,500, 550,450, 550,450, 550,500, 550,500, 550,500, 550,500, 550,500, 600,450, 500,500, 550,1450, 550,1500, 550,1500, 550,1500, 600,2950, 3050,8950, 550,1500, 550,500, 550,500, 550,500, 550,450, 550,500, 550,500, 550,500, 550,500, 550,1450, 550,500, 500,500, 500,500, 550,1450, 500,550, 500,1550, 600,450, 550,1450, 550,1500, 550,1500, 550,1450, 550,1450, 550,1450, 550,1450, 550,1500, 500,550, 550,500, 550,500, 600,1450, 500,1500, 550,1500, 550,1500, 550,500, 550,1450, 550,500, 550,500, 550,450, 500,1500, 550,1500, 500,1550, 500,1550, 550,450, 550,500, 550,500, 500,1500, 550,500, 550,500, 550,500, 500,500, 550,500, 500,500, 550,500, 550,1500, 500,1500, 500,1550, 600,1450, 550};  // SONY 0

Auto Clean Stop
uint16_t  rawData[231] = {3100,8900, 600,450, 600,1450, 600,450, 600,450, 600,450, 600,450, 600,450, 600,450, 600,400, 600,1400, 600,450, 600,400, 600,1400, 600,450, 600,450, 600,1400, 650,1450, 600,1450, 600,1450, 600,1400, 650,400, 600,400, 600,400, 600,400, 600,450, 600,450, 600,450, 600,400, 600,450, 600,450, 600,450, 600,450, 550,500, 600,450, 550,500, 550,500, 600,450, 600,450, 600,450, 600,450, 600,450, 600,400, 600,450, 600,450, 600,450, 600,450, 600,450, 600,450, 600,450, 600,450, 550,500, 600,450, 500,1500, 600,1450, 600,1400, 600,1450, 600,2950, 3050,8950, 600,1450, 600,450, 600,450, 600,450, 600,450, 550,450, 550,500, 550,500, 600,450, 500,1500, 550,500, 550,450, 550,450, 600,1450, 600,450, 550,1450, 600,450, 600,1450, 600,1450, 600,1450, 600,1500, 550,1500, 500,1500, 550,1450, 600,1450, 600,450, 600,450, 550,450, 550,1450, 600,1450, 600,1450, 600,1450, 600,500, 550,1500, 500,550, 550,500, 550,500, 550,1450, 600,1450, 600,1450, 600,1450, 600,450, 550,450, 550,450, 550,1450, 600,450, 550,500, 550,500, 600,450, 500,550, 550,500, 550,500, 550,1450, 600,1450, 600,1450, 600,1450, 600};  // SONY 0

Mode Auto
uint16_t  rawData[231] = {3100,8950, 550,500, 550,1450, 550,500, 550,500, 550,500, 550,500, 550,500, 500,500, 550,500, 550,1500, 500,500, 550,500, 500,1550, 600,450, 550,500, 550,1450, 550,1450, 600,1450, 600,1450, 550,1500, 550,500, 550,450, 500,500, 500,500, 550,500, 500,550, 500,550, 600,450, 550,500, 500,550, 550,500, 500,500, 500,500, 500,500, 550,500, 550,450, 550,500, 500,500, 500,500, 550,500, 500,500, 500,500, 500,550, 500,550, 550,500, 600,450, 550,500, 500,500, 550,500, 500,500, 550,500, 500,500, 500,1500, 550,1500, 550,1500, 550,1500, 600,2950, 3100,8900, 550,1550, 500,550, 550,450, 500,550, 500,550, 500,500, 500,500, 500,500, 500,500, 550,1500, 550,500, 500,500, 500,1500, 500,500, 500,1500, 500,1550, 500,550, 550,1500, 550,1450, 500,1500, 550,1500, 550,1500, 550,1500, 550,1500, 550,1500, 500,500, 500,500, 500,550, 500,1550, 550,1500, 550,1500, 500,500, 500,500, 550,500, 500,500, 500,500, 500,500, 550,500, 500,500, 500,1500, 550,1500, 500,550, 500,1550, 500,1550, 550,500, 500,550, 500,550, 500,500, 550,500, 500,500, 500,500, 500,500, 500,1500, 550,1500, 550,1500, 500,1500, 550};  // SONY 0

Mode Cool
uint16_t  rawData[231] = {3100,8900, 600,400, 600,1400, 600,450, 600,450, 600,450, 600,450, 600,450, 600,450, 600,450, 600,1450, 550,500, 550,500, 600,1450, 600,450, 600,450, 600,1400, 600,1400, 600,1400, 600,1400, 600,1400, 600,450, 600,450, 600,450, 600,450, 500,550, 550,500, 600,450, 600,450, 600,450, 600,450, 600,450, 600,400, 600,450, 550,500, 600,450, 600,450, 600,450, 600,450, 600,450, 600,450, 600,450, 600,450, 550,500, 550,450, 550,500, 550,500, 600,450, 600,450, 550,500, 600,450, 600,450, 600,450, 600,1400, 550,1450, 600,1450, 550,1500, 600,2900, 3050,8950, 550,1500, 600,450, 550,500, 550,500, 550,500, 600,450, 600,450, 550,500, 550,500, 550,1450, 600,450, 550,500, 600,450, 600,450, 550,1500, 500,1500, 500,500, 600,1450, 550,1450, 550,1450, 550,1450, 600,1450, 550,1450, 550,1450, 550,1500, 550,500, 550,500, 550,500, 500,1500, 550,1500, 550,1450, 550,450, 550,500, 550,500, 550,500, 550,500, 550,500, 550,1450, 550,1450, 550,1500, 550,1500, 500,550, 500,550, 600,450, 550,1450, 550,500, 550,500, 550,500, 550,500, 550,500, 550,500, 550,500, 550,1450, 550,1450, 550,1500, 550,1500, 550};  // SONY 0

Mode Dry
uint16_t  rawData[231] = {3050,8950, 600,450, 550,1450, 550,500, 550,500, 600,450, 550,450, 550,500, 550,500, 550,500, 550,1450, 550,500, 500,500, 550,1500, 550,500, 600,450, 600,1450, 550,1450, 550,1500, 550,1450, 550,1450, 550,500, 550,500, 550,500, 500,500, 500,500, 550,500, 550,500, 500,550, 500,550, 600,450, 550,500, 550,500, 550,500, 550,500, 550,500, 500,500, 500,500, 500,500, 500,500, 550,500, 550,500, 550,500, 550,500, 550,500, 550,500, 500,550, 500,550, 600,450, 550,450, 550,450, 500,500, 550,500, 550,1450, 550,1500, 550,1500, 550,1500, 550,3050, 3000,9000, 500,1500, 500,550, 550,500, 500,550, 600,450, 550,500, 500,550, 550,500, 550,450, 550,1500, 550,500, 550,500, 500,500, 550,1500, 550,1500, 500,1500, 550,550, 500,1550, 500,1550, 500,1500, 500,1500, 550,1450, 550,1500, 550,1500, 550,1500, 550,500, 500,500, 500,500, 500,1500, 500,1550, 550,1500, 550,500, 500,550, 500,550, 500,500, 500,500, 500,500, 500,500, 500,500, 500,1500, 550,1500, 550,500, 500,500, 500,550, 500,550, 500,1550, 600,450, 550,500, 500,550, 500,550, 500,500, 550,500, 500,1500, 550,1500, 550,1500, 550,1500, 600};  // SONY 0

Mode Fan
uint16_t  rawData[231] = {3150,8900, 600,450, 600,1400, 650,400, 650,400, 650,400, 650,400, 650,400, 650,400, 650,400, 650,1400, 650,400, 650,400, 650,1400, 650,450, 600,450, 500,1500, 600,1400, 600,1400, 650,1400, 650,1400, 650,400, 650,400, 650,400, 650,400, 650,400, 650,400, 650,400, 650,450, 600,450, 600,450, 500,550, 600,450, 600,450, 650,400, 650,400, 650,400, 650,400, 650,400, 650,400, 650,400, 600,400, 650,400, 600,400, 650,400, 600,400, 650,450, 600,450, 600,450, 500,550, 600,450, 600,450, 600,450, 600,1400, 650,1400, 650,1400, 650,1400, 600,2950, 3100,8900, 600,1400, 600,400, 600,450, 600,450, 550,500, 550,500, 550,500, 550,500, 600,450, 600,1400, 600,450, 600,450, 600,450, 600,400, 600,1450, 650,1400, 600,450, 600,1450, 550,1500, 550,1450, 600,1450, 550,1450, 600,1400, 600,1450, 650,1400, 650,400, 600,450, 600,400, 600,1450, 600,1450, 600,1450, 500,550, 550,500, 550,500, 550,500, 600,450, 600,450, 600,450, 600,450, 600,1450, 600,1450, 600,450, 600,1450, 600,450, 600,1500, 600,1450, 500,550, 550,500, 550,500, 600,450, 600,450, 600,450, 600,1450, 600,1450, 600,1450, 600,1450, 550};  // SONY 0

Mode Heat
uint16_t  rawData[231] = {3100,8900, 600,450, 600,1400, 600,450, 600,450, 600,450, 600,450, 600,450, 550,500, 600,450, 600,1450, 550,500, 550,450, 550,1450, 600,450, 600,450, 600,1400, 600,1400, 600,1400, 600,1400, 600,1400, 600,450, 550,500, 550,500, 600,450, 550,500, 500,500, 600,450, 600,450, 600,450, 600,450, 600,450, 550,450, 600,450, 550,450, 550,450, 550,500, 600,450, 550,450, 600,450, 550,500, 600,450, 600,450, 550,500, 500,550, 550,500, 600,450, 600,450, 550,450, 550,450, 600,450, 600,450, 600,450, 550,1450, 550,1450, 550,1450, 600,1450, 550,2950, 3050,8950, 500,1500, 600,450, 550,500, 550,450, 550,450, 550,450, 550,500, 550,500, 550,450, 550,1450, 550,450, 550,500, 550,500, 550,1500, 550,1500, 500,1500, 550,500, 600,1450, 550,1450, 550,1450, 550,1450, 550,1450, 550,1450, 550,1450, 550,1500, 550,500, 550,500, 500,550, 500,1500, 550,1450, 550,1450, 550,500, 550,450, 550,450, 550,500, 550,500, 550,450, 550,500, 550,500, 550,1500, 550,1500, 550,500, 500,550, 500,550, 550,500, 550,500, 550,1450, 550,450, 550,450, 550,450, 550,500, 550,500, 550,1450, 550,1450, 550,1500, 550,1500, 600};  // SONY 0

SmartSaver On
uint16_t  rawData[231] = {3100,8900, 650,400, 650,1400, 650,400, 650,400, 650,400, 650,400, 650,400, 650,400, 650,450, 600,1450, 600,450, 600,450, 600,1400, 650,400, 650,400, 650,1400, 650,1400, 650,1400, 650,1400, 650,1400, 650,400, 650,450, 600,450, 600,450, 500,550, 600,450, 600,450, 600,400, 650,400, 650,400, 650,400, 650,400, 650,400, 650,400, 650,400, 600,400, 650,400, 650,400, 600,400, 600,450, 600,450, 600,450, 550,500, 600,450, 600,450, 600,400, 650,400, 650,400, 650,400, 650,400, 650,400, 650,400, 600,1400, 650,1400, 650,1400, 650,1450, 650,2900, 3150,8900, 600,1450, 600,450, 650,400, 650,400, 650,400, 650,400, 600,400, 600,450, 600,400, 600,1400, 650,400, 600,400, 650,1400, 600,1450, 600,450, 550,1450, 600,450, 600,1400, 600,1400, 600,1450, 650,400, 600,1400, 650,400, 600,1400, 650,1400, 600,1500, 600,1450, 550,1450, 550,1450, 600,1400, 600,1400, 600,450, 600,450, 600,450, 600,450, 600,450, 600,450, 600,1450, 650,1450, 550,1500, 550,1450, 600,450, 550,500, 600,450, 600,1400, 600,450, 600,450, 600,450, 600,400, 600,450, 600,450, 600,450, 600,1450, 600,1500, 550,1500, 550,1450, 600};  // SONY 0

SmartSaver Off
uint16_t  rawData[231] = {3100,8900, 600,400, 600,1400, 600,400, 600,400, 600,400, 600,450, 600,450, 600,450, 600,450, 600,1450, 600,450, 600,450, 600,1400, 600,400, 600,400, 600,1400, 600,1400, 600,1400, 600,1400, 600,1450, 650,400, 600,450, 600,450, 550,500, 550,500, 600,450, 550,500, 600,450, 600,450, 600,450, 600,400, 600,450, 550,450, 600,450, 600,450, 550,450, 600,450, 600,450, 600,450, 600,450, 550,500, 500,550, 500,550, 550,500, 600,450, 600,450, 600,450, 550,450, 600,450, 550,450, 550,450, 550,450, 600,1400, 600,1400, 600,1450, 600,1450, 600,2900, 3100,8900, 550,1450, 550,450, 550,450, 550,450, 600,450, 600,450, 600,450, 550,450, 550,450, 550,1450, 600,450, 550,450, 600,450, 550,1500, 600,1450, 550,1500, 550,500, 550,1450, 600,1450, 600,1450, 600,450, 600,1450, 600,450, 600,1450, 600,1450, 600,500, 550,500, 550,500, 500,1500, 550,1450, 550,1450, 600,450, 550,450, 600,450, 550,450, 600,450, 550,450, 550,1450, 600,1450, 600,1500, 550,1500, 500,550, 550,500, 550,500, 550,1450, 600,450, 550,450, 600,450, 550,450, 600,450, 600,450, 550,450, 550,1450, 600,1450, 600,1500, 600,1450, 600};  // SONY 0

